33
4 7 32 25 16
6 10 2 3 30 7 31
5 27 1 32 20 9
5 1 29 17 8 11
5 19 13 16 26 30
6 18 20 11 25 15 23
5 25 14 9 31 8
4 10 15 1 0
6 15 9 24 29 3 6
6 13 32 6 8 22 2
6 7 28 22 14 1 24
4 17 5 22 3
3 21 17 26
4 9 19 4 22
4 10 6 17 25
5 7 18 8 5 19
4 32 4 26 0
7 11 19 14 12 3 21 27
4 15 30 5 28
6 27 31 4 13 17 15
5 29 25 5 2 27
6 30 24 12 23 17 32
5 28 10 9 11 13
3 21 24 5
4 21 23 8 10
5 20 6 14 5 0
5 28 29 16 4 12
4 2 19 20 17
5 10 22 29 26 18
5 20 28 26 3 8
4 18 21 1 4
3 19 6 1
5 9 16 2 0 21
