34
4 7 33 26 16
6 10 2 3 31 7 32
5 28 1 33 20 9
5 1 30 17 8 11
6 19 22 13 16 27 31
6 18 20 11 26 15 24
6 26 14 9 32 22 8
5 10 15 1 0 22
6 15 9 25 30 3 6
6 13 33 6 8 23 2
6 7 29 23 14 1 25
4 17 5 23 3
3 21 17 27
4 9 19 4 23
4 10 6 17 26
5 7 18 8 5 19
4 33 4 27 0
7 11 19 14 12 3 21 28
4 15 31 5 29
6 28 32 4 13 17 15
5 30 26 5 2 28
6 31 25 12 24 17 33
4 4 7 24 6
5 29 10 9 11 13
4 21 25 22 5
4 21 24 8 10
5 20 6 14 5 0
5 29 30 16 4 12
4 2 19 20 17
5 10 23 30 27 18
5 20 29 27 3 8
4 18 21 1 4
3 19 6 1
5 9 16 2 0 21
