35
5 14 7 34 27 17
6 10 2 3 32 7 33
5 29 1 34 21 9
5 1 31 18 8 11
6 20 23 13 17 28 32
6 19 21 11 27 16 25
6 27 15 9 33 23 8
5 10 16 1 0 23
7 16 9 26 31 14 3 6
6 13 34 6 8 24 2
6 7 30 24 15 1 26
4 18 5 24 3
3 22 18 28
4 9 20 4 24
2 0 8
4 10 6 18 27
5 7 19 8 5 20
4 34 4 28 0
7 11 20 15 12 3 22 29
4 16 32 5 30
6 29 33 4 13 18 16
5 31 27 5 2 29
6 32 26 12 25 18 34
4 4 7 25 6
5 30 10 9 11 13
4 22 26 23 5
4 22 25 8 10
5 21 6 15 5 0
5 30 31 17 4 12
4 2 20 21 18
5 10 24 31 28 19
5 21 30 28 3 8
4 19 22 1 4
3 20 6 1
5 9 17 2 0 22
