36
5 15 8 35 28 18
6 11 2 3 33 8 34
5 30 1 35 22 10
5 1 32 19 9 12
4 22 11 18 27
6 21 24 14 18 29 33
6 20 22 12 28 17 26
6 28 16 10 34 24 9
5 11 17 1 0 24
7 17 10 27 32 15 3 7
6 14 35 7 9 25 2
7 8 31 25 16 1 4 27
4 19 6 25 3
3 23 19 29
4 10 21 5 25
2 0 9
4 11 7 19 28
5 8 20 9 6 21
5 35 5 29 4 0
7 12 21 16 13 3 23 30
4 17 33 6 31
6 30 34 5 14 19 17
6 32 28 4 6 2 30
6 33 27 13 26 19 35
4 5 8 26 7
5 31 11 10 12 14
4 23 27 24 6
5 23 26 9 11 4
5 22 7 16 6 0
5 31 32 18 5 13
4 2 21 22 19
5 11 25 32 29 20
5 22 31 29 3 9
4 20 23 1 5
3 21 7 1
5 10 18 2 0 23
