37
5 16 9 36 29 19
6 12 2 4 34 9 35
5 31 1 36 23 11
4 16 15 27 7
5 1 33 20 10 13
4 23 12 19 28
6 22 25 15 19 30 34
7 21 23 13 29 18 3 27
6 29 17 11 35 25 10
5 12 18 1 0 25
7 18 11 28 33 16 4 8
6 15 36 8 10 26 2
7 9 32 26 17 1 5 28
4 20 7 26 4
3 24 20 30
5 11 3 22 6 26
3 3 0 10
4 12 8 20 29
5 9 21 10 7 22
5 36 6 30 5 0
7 13 22 17 14 4 24 31
4 18 34 7 32
6 31 35 6 15 20 18
6 33 29 5 7 2 31
6 34 28 14 27 20 36
4 6 9 27 8
5 32 12 11 13 15
5 24 28 3 25 7
5 24 27 10 12 5
5 23 8 17 7 0
5 32 33 19 6 14
4 2 22 23 20
5 12 26 33 30 21
5 23 32 30 4 10
4 21 24 1 6
3 22 8 1
5 11 19 2 0 24
