38
5 17 10 37 30 20
6 13 3 5 35 10 36
4 20 8 14 36
5 32 1 37 24 12
4 17 16 28 8
5 1 34 21 11 14
4 24 13 20 29
6 23 26 16 20 31 35
8 22 24 14 2 30 19 4 28
6 30 18 12 36 26 11
5 13 19 1 0 26
7 19 12 29 34 17 5 9
6 16 37 9 11 27 3
7 10 33 27 18 1 6 29
5 21 8 27 2 5
3 25 21 31
5 12 4 23 7 27
3 4 0 11
4 13 9 21 30
5 10 22 11 8 23
6 37 2 7 31 6 0
7 14 23 18 15 5 25 32
4 19 35 8 33
6 32 36 7 16 21 19
6 34 30 6 8 3 32
6 35 29 15 28 21 37
4 7 10 28 9
5 33 13 12 14 16
5 25 29 4 26 8
5 25 28 11 13 6
5 24 9 18 8 0
5 33 34 20 7 15
4 3 23 24 21
5 13 27 34 31 22
5 24 33 31 5 11
4 22 25 1 7
4 23 9 1 2
5 12 20 3 0 25
