39
5 18 11 38 31 21
7 14 4 6 36 11 37 2
6 18 4 32 16 1 5
4 21 9 15 37
6 33 2 1 38 25 13
5 18 17 29 9 2
5 1 35 22 12 15
4 25 14 21 30
6 24 27 17 21 32 36
8 23 25 15 3 31 20 5 29
6 31 19 13 37 27 12
5 14 20 1 0 27
7 20 13 30 35 18 6 10
6 17 38 10 12 28 4
7 11 34 28 19 1 7 30
5 22 9 28 3 6
4 26 22 2 32
5 13 5 24 8 28
4 5 0 2 12
4 14 10 22 31
5 11 23 12 9 24
6 38 3 8 32 7 0
7 15 24 19 16 6 26 33
4 20 36 9 34
6 33 37 8 17 22 20
6 35 31 7 9 4 33
6 36 30 16 29 22 38
4 8 11 29 10
5 34 14 13 15 17
5 26 30 5 27 9
5 26 29 12 14 7
5 25 10 19 9 0
6 2 34 35 21 8 16
4 4 24 25 22
5 14 28 35 32 23
5 25 34 32 6 12
4 23 26 1 8
4 24 10 1 3
5 13 21 4 0 26
