40
4 37 32 31 13
5 15 2 24 16 18
4 1 36 14 16
6 12 9 33 20 18 8
5 11 25 17 21 38
5 19 37 20 22 24
4 27 36 37 21
6 9 36 30 38 39 19
5 34 31 3 18 28
5 7 35 3 33 39
6 12 11 23 14 30 24
5 4 10 37 34 12
5 10 3 22 11 13
6 36 0 31 22 15 12
6 31 2 17 39 10 23
6 1 25 33 19 13 28
4 38 37 2 1
6 22 32 14 38 4 33
6 23 21 3 26 1 8
5 5 7 38 23 15
5 25 27 3 24 5
6 23 18 25 36 4 6
5 17 5 12 13 35
5 18 21 10 19 14
5 1 20 30 5 10
6 20 15 28 4 21 35
3 29 32 18
4 6 31 20 38
5 25 30 34 8 15
3 26 35 36
6 7 36 28 32 24 10
5 27 14 8 0 13
6 0 37 17 26 30 33
5 3 9 15 17 32
4 37 8 11 28
4 9 29 25 22
7 7 30 13 6 2 29 21
8 0 34 16 32 5 11 6 39
6 16 7 27 17 19 4
4 7 14 37 9
