41
4 38 33 32 13
6 15 2 24 16 18 26
4 1 37 14 16
6 12 9 34 20 18 8
5 11 25 17 21 39
5 19 38 20 22 24
4 28 37 38 21
6 9 37 31 39 40 19
5 35 32 3 18 29
5 7 36 3 34 40
6 12 11 23 14 31 24
5 4 10 38 35 12
5 10 3 22 11 13
6 37 0 32 22 15 12
6 32 2 17 40 10 23
6 1 25 34 19 13 29
4 39 38 2 1
6 22 33 14 39 4 34
6 23 21 3 27 1 8
5 5 7 39 23 15
5 25 28 3 24 5
6 23 18 25 37 4 6
5 17 5 12 13 36
5 18 21 10 19 14
5 1 20 31 5 10
6 20 15 29 4 21 36
4 36 28 33 1
3 30 33 18
5 6 32 26 20 39
5 25 31 35 8 15
3 27 36 37
6 7 37 29 33 24 10
5 28 14 8 0 13
7 0 38 17 27 31 26 34
5 3 9 15 17 33
4 38 8 11 29
5 9 26 30 25 22
7 7 31 13 6 2 30 21
8 0 35 16 33 5 11 6 40
6 16 7 28 17 19 4
4 7 14 38 9
