42
4 39 34 33 13
6 15 2 25 17 19 27
4 1 38 14 17
6 12 9 35 21 19 8
5 11 26 18 22 40
6 20 16 39 21 23 25
4 29 38 39 22
6 9 38 32 40 41 20
5 36 33 3 19 30
5 7 37 3 35 41
6 12 11 24 14 32 25
5 4 10 39 36 12
5 10 3 23 11 13
6 38 0 33 23 15 12
7 33 2 18 41 10 24 16
6 1 26 35 20 13 30
5 5 31 30 14 28
4 40 39 2 1
6 23 34 14 40 4 35
6 24 22 3 28 1 8
5 5 7 40 24 15
5 26 29 3 25 5
6 24 19 26 38 4 6
5 18 5 12 13 37
5 19 22 10 20 14
5 1 21 32 5 10
6 21 15 30 4 22 37
4 37 29 34 1
4 31 34 19 16
5 6 33 27 21 40
6 26 32 16 36 8 15
4 28 37 38 16
6 7 38 30 34 25 10
5 29 14 8 0 13
7 0 39 18 28 32 27 35
5 3 9 15 18 34
4 39 8 11 30
5 9 27 31 26 23
7 7 32 13 6 2 31 22
8 0 36 17 34 5 11 6 41
6 17 7 29 18 20 4
4 7 14 39 9
