43
4 40 35 34 14
6 16 2 26 18 20 28
4 1 39 15 18
6 13 9 36 22 20 8
5 12 27 19 23 41
6 21 17 40 22 24 26
4 30 39 40 23
6 9 39 33 41 42 21
5 37 34 3 20 31
6 7 38 3 36 11 42
6 13 12 25 15 33 26
4 14 9 37 25
5 4 10 40 37 13
5 10 3 24 12 14
7 39 11 0 34 24 16 13
7 34 2 19 42 10 25 17
6 1 27 36 21 14 31
5 5 32 31 15 29
4 41 40 2 1
6 24 35 15 41 4 36
6 25 23 3 29 1 8
5 5 7 41 25 16
5 27 30 3 26 5
6 25 20 27 39 4 6
5 19 5 13 14 38
6 20 23 10 21 15 11
5 1 22 33 5 10
6 22 16 31 4 23 38
4 38 30 35 1
4 32 35 20 17
5 6 34 28 22 41
6 27 33 17 37 8 16
4 29 38 39 17
6 7 39 31 35 26 10
5 30 15 8 0 14
7 0 40 19 29 33 28 36
5 3 9 16 19 35
5 40 8 12 11 31
5 9 28 32 27 24
7 7 33 14 6 2 32 23
8 0 37 18 35 5 12 6 42
6 18 7 30 19 21 4
4 7 15 40 9
