44
4 41 36 35 15
6 17 2 27 19 21 29
4 1 40 16 19
4 33 4 23 19
7 14 3 10 37 23 21 9
5 13 28 20 24 42
6 22 18 41 23 25 27
4 31 40 41 24
6 10 40 34 42 43 22
5 38 35 4 21 32
6 8 39 4 37 12 43
6 14 13 26 16 34 27
4 15 10 38 26
5 5 11 41 38 14
5 11 4 25 13 15
7 40 12 0 35 25 17 14
7 35 2 20 43 11 26 18
6 1 28 37 22 15 32
5 6 33 32 16 30
5 42 41 2 3 1
6 25 36 16 42 5 37
6 26 24 4 30 1 9
5 6 8 42 26 17
6 28 31 4 27 6 3
6 26 21 28 40 5 7
5 20 6 14 15 39
6 21 24 11 22 16 12
5 1 23 34 6 11
6 23 17 32 5 24 39
4 39 31 36 1
4 33 36 21 18
5 7 35 29 23 42
6 28 34 18 38 9 17
5 30 3 39 40 18
6 8 40 32 36 27 11
5 31 16 9 0 15
7 0 41 20 30 34 29 37
5 4 10 17 20 36
5 41 9 13 12 32
5 10 29 33 28 25
7 8 34 15 7 2 33 24
8 0 38 19 36 6 13 7 43
6 19 8 31 20 22 5
4 8 16 41 10
