45
6 33 35 17 22 8 4
5 37 6 26 28 21
6 32 11 12 41 35 21
7 41 26 43 19 23 36 33
7 26 9 40 22 0 38 18
8 44 9 11 37 23 25 16 42
5 29 1 36 32 9
6 14 44 24 31 40 15
4 30 37 43 0
6 31 5 4 32 13 6
7 19 24 29 17 16 38 28
5 2 5 16 22 36
5 27 2 44 28 13
5 31 17 12 9 43
5 7 38 23 15 27
7 32 22 28 7 43 20 14
4 19 11 10 5
6 29 42 10 0 13 35
6 27 26 25 39 29 4
7 10 40 16 34 3 43 39
5 42 39 33 15 21
7 39 37 41 24 2 1 20
5 15 11 4 0 34
4 35 14 3 5
5 10 31 7 36 21
5 18 43 42 27 5
5 18 3 4 1 28
5 18 12 36 14 25
5 15 26 1 12 10
6 17 6 10 41 18 44
4 8 32 39 38
5 34 24 9 7 13
6 2 15 30 9 6 35
5 0 36 20 44 3
4 31 39 19 22
5 23 2 0 17 32
6 24 33 27 11 6 3
5 44 1 8 21 5
4 30 14 10 4
6 34 20 30 21 18 19
4 19 7 44 4
4 3 2 21 29
4 20 25 17 5
6 25 3 8 15 19 13
7 5 7 37 33 12 40 29
