46
6 34 36 18 23 9 4
5 38 6 27 29 22
7 33 12 13 42 8 36 22
7 42 27 44 20 24 37 34
7 27 10 41 23 0 39 19
8 45 10 12 38 24 26 17 43
5 30 1 37 33 10
6 15 45 25 32 41 16
6 9 35 2 15 43 27
5 8 31 38 44 0
6 32 5 4 33 14 6
7 20 25 30 18 17 39 29
5 2 5 17 23 37
5 28 2 45 29 14
5 32 18 13 10 44
6 7 8 39 24 16 28
7 33 23 29 7 44 21 15
4 20 12 11 5
6 30 43 11 0 14 36
6 28 27 26 40 30 4
7 11 41 17 35 3 44 40
5 43 40 34 16 22
7 40 38 42 25 2 1 21
5 16 12 4 0 35
4 36 15 3 5
5 11 32 7 37 22
5 19 44 43 28 5
6 19 3 4 1 29 8
5 19 13 37 15 26
5 16 27 1 13 11
6 18 6 11 42 19 45
4 9 33 40 39
5 35 25 10 7 14
6 2 16 31 10 6 36
5 0 37 21 45 3
5 32 40 8 20 23
5 24 2 0 18 33
6 25 34 28 12 6 3
5 45 1 9 22 5
4 31 15 11 4
6 35 21 31 22 19 20
4 20 7 45 4
4 3 2 22 30
5 21 26 18 8 5
6 26 3 9 16 20 14
7 5 7 38 34 13 41 30
