47
6 35 37 19 24 10 4
5 39 6 28 30 23
7 34 13 14 43 9 37 23
7 43 28 45 21 25 38 35
7 28 11 42 24 0 40 20
8 46 11 13 39 25 27 18 44
5 31 1 38 34 11
6 16 46 26 33 42 17
4 9 10 38 26
7 8 10 36 2 16 44 28
6 9 32 39 45 8 0
6 33 5 4 34 15 6
7 21 26 31 19 18 40 30
5 2 5 18 24 38
5 29 2 46 30 15
5 33 19 14 11 45
6 7 9 40 25 17 29
7 34 24 30 7 45 22 16
4 21 13 12 5
6 31 44 12 0 15 37
6 29 28 27 41 31 4
7 12 42 18 36 3 45 41
5 44 41 35 17 23
7 41 39 43 26 2 1 22
5 17 13 4 0 36
4 37 16 3 5
6 12 33 7 38 23 8
5 20 45 44 29 5
6 20 3 4 1 30 9
5 20 14 38 16 27
5 17 28 1 14 12
6 19 6 12 43 20 46
4 10 34 41 40
5 36 26 11 7 15
6 2 17 32 11 6 37
5 0 38 22 46 3
5 33 41 9 21 24
5 25 2 0 19 34
7 26 35 29 8 13 6 3
5 46 1 10 23 5
4 32 16 12 4
6 36 22 32 23 20 21
4 21 7 46 4
4 3 2 23 31
5 22 27 19 9 5
6 27 3 10 17 21 15
7 5 7 39 35 14 42 31
