48
6 36 38 20 25 11 5
5 40 7 29 31 24
4 41 46 16 24
7 35 14 15 44 10 38 24
7 44 29 46 22 26 39 36
7 29 12 43 25 0 41 21
8 47 12 14 40 26 28 19 45
5 32 1 39 35 12
6 17 47 27 34 43 18
4 10 11 39 27
7 9 11 37 3 17 45 29
6 10 33 40 46 9 0
6 34 6 5 35 16 7
7 22 27 32 20 19 41 31
5 3 6 19 25 39
5 30 3 47 31 16
6 34 20 15 12 2 46
6 8 10 41 26 18 30
7 35 25 31 8 46 23 17
4 22 14 13 6
6 32 45 13 0 16 38
6 30 29 28 42 32 5
7 13 43 19 37 4 46 42
5 45 42 36 18 24
8 42 40 44 27 3 1 23 2
5 18 14 5 0 37
4 38 17 4 6
6 13 34 8 39 24 9
5 21 46 45 30 6
6 21 4 5 1 31 10
5 21 15 39 17 28
5 18 29 1 15 13
6 20 7 13 44 21 47
4 11 35 42 41
5 37 27 12 8 16
6 3 18 33 12 7 38
5 0 39 23 47 4
5 34 42 10 22 25
5 26 3 0 20 35
7 27 36 30 9 14 7 4
5 47 1 11 24 6
5 2 33 17 13 5
6 37 23 33 24 21 22
4 22 8 47 5
4 4 3 24 32
5 23 28 20 10 6
7 2 28 4 11 18 22 16
7 6 8 40 36 15 43 32
