49
6 37 39 21 26 12 6
5 41 8 30 32 25
4 44 12 27 8
4 42 47 17 25
7 36 15 16 45 11 39 25
7 45 30 47 23 27 40 37
7 30 13 44 26 0 42 22
8 48 13 15 41 27 29 20 46
6 33 1 40 36 13 2
6 18 48 28 35 44 19
4 11 12 40 28
7 10 12 38 4 18 46 30
7 11 34 41 47 10 2 0
6 35 7 6 36 17 8
7 23 28 33 21 20 42 32
5 4 7 20 26 40
5 31 4 48 32 17
6 35 21 16 13 3 47
6 9 11 42 27 19 31
7 36 26 32 9 47 24 18
4 23 15 14 7
6 33 46 14 0 17 39
6 31 30 29 43 33 6
7 14 44 20 38 5 47 43
5 46 43 37 19 25
8 43 41 45 28 4 1 24 3
5 19 15 6 0 38
5 39 18 5 2 7
6 14 35 9 40 25 10
5 22 47 46 31 7
6 22 5 6 1 32 11
5 22 16 40 18 29
5 19 30 1 16 14
6 21 8 14 45 22 48
4 12 36 43 42
5 38 28 13 9 17
6 4 19 34 13 8 39
5 0 40 24 48 5
5 35 43 11 23 26
5 27 4 0 21 36
7 28 37 31 10 15 8 5
5 48 1 12 25 7
5 3 34 18 14 6
6 38 24 34 25 22 23
5 23 9 48 2 6
4 5 4 25 33
5 24 29 21 11 7
7 3 29 5 12 19 23 17
7 7 9 41 37 16 44 33
